0  867.997  1023.03
1  747.111  947.588
2  721.871  871.413
3  690.392  794.828
4  659.255  737.37655  631.299  687.486 6  603.466  656.787  651.024  682.248
8  620.529  665.958
9  595.257  650.208
10  582.086  625.732
11  565.26  601.082
12  556.813  584.984
13  535.31  570.482
14  528.103  554.649
15  513.05  541.476
16  508.805  531.165
17  504.877  519.319
18  497.801  508.506
19  489.628  504.065
20  487.403  496.242
21  484.718  490.771
22  482.493  488.139
23  482.254  485.605
24  467.563  482.989
25  459.629  479.397
26  455.444  470.411
27  451.385  460.716
28  450.929  454.778
29  447.71  452.364
30  444.741  451.349
31  435.626  449.194
32  428.982  445.244
33  428.982  437.767
34  427.476  429.559
35  423.014  428.724
36  411.11  426.879
37  410.952  423.611
38  404.988  419.975
39  404.988  414.842
40  398.974  407.053
41  396.415  404.116
42  396.415  400.315
43  393.893  396.876
44  393.893  396.221
45  393.874  395.446
46  393.874  394.684
47  393.874  394.118
48  393.874  393.888
49  390.022  393.879
50  384.304  393.792
51  375.131  392.605
52  375.131  386.872
53  374.756  378.714
54  371.01  375.507
55  371.01  374.655
56  369.834  373.391
57  365.713  371.455
58  365.485  369.054
59  364.849  366.507
60  361.087  365.448
61  355.468  364.29
62  355.468  361.44
63  354.695  357.72
64  354.669  355.311
65  347.865  354.933
66  343.039  353.487
67  340.869  348.984
68  340.869  343.797
69  336.205  341.645
70  336.205  340.179
71  336.205  337.696
72  328.535  336.183
73  328.535  334.901
74  328.535  330.28
75  328.206  328.534
76  321.428  328.453
77  321.1  327.045
78  321.1  322.316
79  317.234  321.088
80  315.972  320.475
81  315.972  318.206
82  315.497  316.162
83  315.417  315.856
84  314.781  315.567
85  314.226  315.4
86  309.612  315.085
87  309.612  314.653
88  309.612  314.2
89  309.612  313.936
90  309.612  313.517
91  309.612  312.539
92  309.612  310.971
93  309.612  309.745
94  309.612  309.612
95  309.612  309.612
96  309.612  309.612
97  306.591  309.603
98  306.591  309.181
99  306.591  307.462
100  306.591  306.591
101  302.736  306.576
102  301.34  306.168
103  301.34  304.742
104  301.34  302.567
105  301.34  301.429
106  300.619  301.338
107  300.619  301.334
108  300.619  301.448
109  300.619  304.97
110  300.619  306.254
111  300.619  302.934
112  300.619  300.619
113  300.619  300.619
114  300.324  300.618
115  298.556  300.565
116  295.613  300.044
117  295.613  298.23
118  293.048  296.154
119  292.078  295.126
120  291.621  293.612
121  291.621  292.265
122  291.621  291.742
123  291.621  291.621
124  291.584  291.621
125  291.584  291.614
126  291.356  291.588
127  291.356  291.514
128  289.417  291.356
129  289.417  291.328
130  288.891  291.224
131  288.891  290.948
132  288.729  290.09
133  288.729  289.045
134  288.729  288.796
135  288.435  288.728
136  288.435  288.673
137  285.947  288.503
138  285.654  287.942
139  285.55  286.533
140  285.55  285.65
141  285.55  285.58
142  285.55  285.55
143  283.532  285.544
144  283.532  285.238
145  283.532  284.13
146  283.532  283.532
147  283.532  283.532
148  283.532  283.532
149  283.532  283.532
150  283.532  283.532
151  283.532  283.532
152  283.532  283.532
153  283.532  283.532
154  281.131  283.525
155  281.131  283.017
156  281.131  281.419
157  281.131  281.131
158  281.131  281.131
159  281.131  281.131
160  281.131  281.131
161  281.131  281.131
162  281.131  281.131
163  280.075  281.128
164  277.057  280.996
165  277.057  279.773
166  277.057  277.627
167  276.657  277.056
168  276.657  276.972
169  276.657  276.733
170  276.657  276.657
171  276.657  276.657
172  276.657  276.657
173  276.657  276.657
174  276.657  276.657
175  276.657  276.657
176  276.657  276.657
177  276.657  276.657
178  276.657  276.657
179  276.657  276.657
180  276.657  276.657
181  276.657  276.657
182  276.657  276.657
183  276.657  276.657
184  276.657  276.657
185  276.657  276.657
186  276.657  276.657
187  276.657  276.657
188  276.657  276.657
189  276.657  276.657
190  276.657  276.657
191  276.657  276.657
192  276.657  276.657
193  276.657  276.657
194  276.657  276.657
195  276.657  276.657
196  276.657  276.657
197  276.657  276.657
198  276.657  276.657
199  276.657  276.657
200  276.657  276.657
201  276.657  276.657
202  276.657  276.657
203  276.657  276.657
204  276.657  276.657
205  275.637  276.654
206  275.637  276.485
207  275.637  275.885
208  275.637  275.637
209  275.637  275.637
210  275.637  275.637
211  275.637  275.637
212  275.637  275.637
213  275.637  275.637
214  275.637  275.637
215  275.637  275.637
216  275.637  275.637
217  275.637  275.637
218  275.637  275.637
219  275.637  275.637
220  275.637  275.637
221  275.637  275.637
222  275.637  275.637
223  275.637  275.637
224  275.637  275.637
225  275.637  275.637
226  275.637  275.637
227  275.637  275.637
228  275.637  275.637
229  275.637  275.637
230  275.592  275.637
231  275.592  275.629
232  275.592  275.602
233  275.592  275.592
234  275.592  275.592
235  275.592  275.592
236  275.592  275.592
237  275.592  275.592
238  275.592  275.592
239  275.592  275.592
240  275.592  275.592
241  275.592  275.592
242  275.592  275.592
243  275.592  275.592
244  275.592  275.592
245  275.592  275.592
246  275.592  275.592
247  275.592  275.592
248  275.592  275.592
249  275.592  275.592
250  275.592  275.592
251  275.592  275.592
252  275.592  275.592
253  275.592  275.592
254  275.592  275.592
255  275.592  275.592
256  275.592  275.592
257  275.592  275.592
258  275.592  275.592
259  275.592  275.592
260  275.592  275.592
261  275.592  275.744
262  275.592  278.622
263  275.592  281.51
264  275.592  279.935
265  275.592  276.355
266  275.592  275.592
267  275.592  275.592
268  275.592  275.592
269  275.592  275.592
270  275.592  275.592
271  275.592  275.592
272  275.592  275.592
273  275.592  275.592
274  275.592  275.592
275  275.592  275.592
276  274.156  275.588
277  274.156  275.37
278  274.156  274.468
279  274.156  274.156
280  274.156  274.156
281  274.156  274.156
282  274.156  274.156
283  274.156  274.156
284  274.156  274.156
285  274.156  274.156
286  274.156  274.156
287  274.156  274.156
288  274.156  274.156
289  274.156  274.156
290  274.156  274.156
291  274.156  274.156
292  274.156  274.156
293  274.156  274.156
294  274.156  274.156
295  274.156  274.156
296  274.156  274.156
297  274.156  274.156
298  274.156  274.156
299  274.156  274.156
300  274.156  274.157
301  274.156  275.388
302  274.156  279.316
303  274.156  276.89
304  274.156  274.156
305  274.156  274.156
306  274.156  274.156
307  274.156  274.156
308  274.156  274.156
309  274.156  274.156
310  274.156  274.156
311  274.156  274.156
312  274.156  274.156
313  274.156  274.156
314  274.156  274.156
315  274.156  274.156
316  274.156  274.156
317  274.156  274.156
318  274.156  274.156
319  274.156  274.156
320  274.156  274.156
321  274.156  274.156
322  274.156  274.156
323  274.156  274.156
324  274.156  274.156
325  274.156  274.156
326  274.156  274.156
327  274.156  274.156
328  274.156  274.156
329  274.156  274.156
330  274.156  274.156
331  274.156  274.156
332  274.156  274.156
333  274.156  274.156
334  274.156  274.156
335  274.156  274.156
336  274.156  274.156
337  274.156  274.156
338  274.156  274.156
339  274.156  274.156
340  274.156  274.156
341  274.156  274.156
342  274.156  274.156
343  274.156  274.156
344  274.156  274.156
345  274.156  274.156
346  274.156  274.156
347  274.156  274.156
348  274.156  274.156
349  274.156  274.156
350  274.156  274.156
351  274.156  274.156
352  274.156  274.156
353  274.156  274.156
354  274.156  274.156
355  274.156  274.156
356  274.156  274.156
357  274.156  274.156
358  274.156  274.156
359  274.156  274.156
360  274.156  274.156
361  274.156  274.156
362  274.156  274.156
363  274.156  274.156
364  274.156  274.156
365  274.156  274.156
366  274.156  274.156
367  274.156  274.156
368  274.156  274.156
369  274.156  274.156
370  274.156  274.156
371  274.156  274.156
372  274.156  274.156
373  274.156  274.156
374  274.156  274.156
375  274.156  274.156
376  274.156  274.156
377  274.156  274.156
378  274.156  274.156
379  274.156  274.156
380  274.156  274.156
381  274.156  274.156
382  274.156  274.156
383  274.156  274.156
384  274.156  274.156
385  274.156  274.156
386  274.156  274.156
387  274.156  274.156
388  274.156  274.156
389  274.156  274.156
390  274.156  274.156
391  274.156  274.156
392  274.156  274.156
393  274.156  274.156
394  274.156  274.156
395  274.156  274.156
396  274.156  274.156
397  274.156  274.156
398  274.156  274.156
399  274.156  274.156
400  274.156  274.156
401  274.156  274.156
402  274.156  274.156
403  274.156  274.156
404  274.156  274.156
405  274.156  274.156
406  274.156  274.156
407  274.156  274.156
408  274.156  274.156
409  274.156  274.156
410  274.156  274.156
411  274.156  274.156
412  274.156  274.156
413  274.156  274.156
414  274.156  274.156
415  274.156  274.156
416  274.156  274.156
417  274.156  274.156
418  274.156  274.156
419  274.156  274.156
420  274.156  274.156
421  274.156  274.156
422  274.156  274.156
423  274.156  274.156
424  274.156  274.156
425  274.156  274.156
426  274.156  274.156
427  274.156  274.156
428  274.156  274.156
429  274.156  274.156
430  274.156  274.156
431  274.156  274.156
432  274.156  274.156
433  274.156  274.156
434  274.156  274.156
435  274.156  274.156
436  274.156  274.156
437  274.156  274.156
438  274.156  274.156
439  274.156  274.156
440  274.156  274.156
441  274.156  274.156
442  274.156  274.156
443  274.156  274.156
444  274.156  274.156
445  274.156  274.156
446  274.156  274.156
447  274.156  274.156
448  274.156  274.156
449  274.156  274.156
450  274.156  274.156
451  274.156  274.156
452  274.156  274.156
453  274.156  274.156
454  274.156  274.156
455  274.156  274.156
456  274.156  274.156
457  274.156  274.156
458  274.156  274.156
459  274.156  274.156
460  274.156  274.156
461  274.156  274.156
462  274.156  274.156
463  274.156  274.156
464  274.156  274.156
465  274.156  274.156
466  274.156  274.156
467  274.156  274.156
468  274.156  274.156
469  274.156  274.156
470  274.156  274.156
471  274.156  274.156
472  274.156  274.156
473  274.156  274.156
474  274.156  274.156
475  274.156  274.156
476  274.156  274.156
477  274.156  274.156
478  274.156  274.156
479  274.156  274.156
480  274.156  274.156
481  274.156  274.156
482  274.156  274.156
483  274.156  274.156
484  274.156  274.156
485  274.156  274.156
486  274.156  274.156
487  274.156  274.156
488  274.156  274.156
489  274.156  274.156
490  274.156  274.156
491  274.156  274.156
492  274.156  274.156
493  274.156  274.156
494  274.156  274.156
495  274.156  274.156
496  274.156  274.156
497  274.156  274.156
498  274.156  274.156
499  274.156  274.156
500  274.156  274.156
501  274.156  274.156
502  274.156  274.156
503  274.156  274.156
504  274.156  274.156
505  274.156  274.156
506  274.156  274.156
507  274.156  274.156
508  274.156  274.156
509  274.156  274.156
510  274.156  274.156
511  274.156  274.156
512  274.156  274.156
513  274.156  274.156
514  274.156  274.156
515  274.156  274.156
516  274.156  274.156
517  274.156  274.156
518  274.156  274.156
519  274.156  274.156
520  274.156  274.156
521  274.156  274.156
522  274.156  274.156
523  274.156  274.156
524  274.156  274.156
525  274.156  274.156
526  274.156  274.156
527  274.156  274.156
528  274.156  274.156
529  274.156  274.156
530  274.156  274.156
531  274.156  274.156
532  274.156  274.156
533  274.156  274.156
534  274.156  274.156
535  274.156  274.156
536  274.156  274.156
537  274.156  274.156
538  274.156  274.156
539  274.156  274.156
540  274.156  274.156
541  274.156  274.156
542  274.156  274.156
543  274.156  274.156
544  274.156  274.156
545  274.156  274.156
546  274.156  274.156
547  274.156  274.156
548  274.156  274.156
549  274.156  274.156
550  274.156  274.156
551  274.156  274.156
552  274.156  274.156
553  274.156  274.156
554  274.156  274.156
555  274.156  274.156
556  274.156  274.156
557  274.156  274.156
558  274.156  274.156
559  274.156  274.156
560  274.156  274.156
561  274.156  274.156
562  274.156  274.156
563  274.156  274.156
564  274.156  274.156
565  274.156  274.156
566  274.156  274.156
567  274.156  274.156
568  274.156  274.156
569  274.156  274.156
570  274.156  274.156
571  274.156  274.156
572  274.156  274.156
573  274.156  274.156
574  274.156  274.156
575  274.156  274.156
576  274.156  274.156
577  274.156  274.156
578  274.156  274.156
579  274.156  274.156
580  274.156  274.156
581  274.156  274.156
582  274.156  274.156
583  274.156  274.156
584  274.156  274.156
585  274.156  274.156
586  274.156  274.156
587  274.156  274.156
588  274.156  274.156
589  274.156  274.156
590  274.156  274.156
591  274.156  274.156
592  274.156  274.156
593  274.156  274.156
594  274.156  274.156
595  274.156  274.156
596  274.156  274.156
597  274.156  274.156
598  274.156  274.156
599  274.156  274.156
600  274.156  274.156
601  274.156  274.156
602  274.156  274.156
603  274.156  274.156
604  274.156  274.1561605  274.156  274.156
606  274.156  274.156
607  274.156  274.156
608  274.156  274.156
609  274.156  274.156
610  274.156  274.156
611  274.156  274.156
612  274.156  274.156
613  274.156  274.156
614  274.156  274.156
615  274.156  274.156
616  274.156  274.1562617  274.156  274.1562618  274.156  274.1562619  274.156  274.1562620  274.156  274.1562621  274.156  274.1563622  274.156  274.1631623  274.156  274.1632624  274.156  274.1633625  274.156  274.1634626  274.156  274.1635627  274.156  274.1636628  274.156  274.1637629  274.156  274.1638630  274.156  274.1639631  274.156  274.1640632  274.156  274.1641633  274.156  274.1642634  274.156  274.1643  269.646  269.646
644  269.646  269.646
645  269.646  269.646
646  269.646  269.646
647  269.646  269.646
648  269.646  269.646
649  269.646  269.646
650  269.646  269.646
651  269.646  269.646
652  269.646  269.646
653  269.646  269.646
654  269.646  269.646
655  269.646  269.646
656  269.646  269.646
657  269.646  269.646
658  269.646  269.646
659  269.646  269.646
660  269.646  269.646
661  269.646  269.646
662  269.646  269.646
663  269.646  269.646
664  269.646  269.646
665  269.646  269.646
666  269.646  269.646
667  269.646  269.646
668  269.646  269.646
669  269.646  269.646
670  269.646  269.646
671  269.646  269.646
672  269.646  269.646
673  269.646  269.646
674  269.646  269.646
675  269.646  269.646
676  269.646  269.646
677  269.646  269.646
678  269.646  269.646
679  269.646  269.646
680  269.646  269.646
681  269.646  269.646
682  269.646  269.646
683  269.646  269.646
684  269.646  269.646
685  269.646  269.646
686  269.646  269.646
687679  274.156  274.1688680  274.156  274.1689681  274.156  274.1690  269.646  269.646
691  269.646  269.646
692  269.646  269.646
693  269.646  269.646
694  269.646  269.646
695  269.646  269.646
696  269.646  269.646
697  269.646  269.646
698  269.646  269.646
699  269.646  269.646
700  269.646  269.646
701  269.646  269.646
702  269.646  269.646
703  269.646  269.646
704  269.646  269.646
705  269.646  269.646
706  269.646  269.646
707  269.646  269.646
708  269.646  269.646
709  269.646  269.646
710  269.646  269.646
711  269.646  269.646
712  269.646  269.646
713  269.646  269.646
714  269.646  269.646
715  269.646  269.646
716  269.646  269.646
717  269.646  269.646
718  269.646  269.646
719  269.646  269.646
720  269.646  269.646
721  269.646  269.646
722  269.646  269.646
723  269.646  269.646
724  269.646  269.646
725  269.646  269.646
726  269.646  269.646
727  269.646  269.646
728  269.646  269.646
729  269.646  269.646
730  269.646  269.646
731  269.646  269.646
732  269.646  269.646
733  269.646  269.646
734  269.646  269.646
735  269.646  269.646
736  269.646  269.646
737  269.646  269.646
738  269.646  269.646
739  269.646  269.646
740  269.646  269.646
741  269.646  269.646
742  269.646  269.646
743  269.646  269.646
744  269.646  269.646
745  269.646  269.646
746  269.646  269.646
747  269.646  269.646
748  269.646  269.646
749  269.646  269.646
750  269.646  269.646
751  269.646  269.646
752  269.646  269.646
753  269.646  269.646
754  269.646  269.646
755  269.646  269.646
756  269.646  269.646
757  269.646  269.646
758  269.646  269.646
759  269.646  269.646
760  269.646  269.646
761  269.646  269.646
762  269.646  269.646
763  269.646  269.646
764  269.646  269.646
765  269.646  269.646
766  269.646  269.646
767  269.646  269.646
768  269.646  269.646
769  269.646  269.646
770  269.646  269.646
771  269.646  269.646
772  269.646  269.646
773  269.646  269.646
774  269.646  269.646
775  269.646  269.646
776  269.646  269.646
777  269.646  269.646
778  269.646  269.646
779  269.646  269.646
780  269.646  269.646
781  269.646  269.646
782  269.646  269.646
783  269.646  269.646
784  269.646  269.646
785  269.646  269.646
786  269.646  269.646
787  269.646  269.646
788  269.646  269.646
789  269.646  269.646
790  269.646  269.646
791  269.646  269.646
792  269.646  269.646
793  269.646  269.646
794  269.646  269.646
795  269.646  269.646
796  269.646  269.646
797  269.646  269.646
798  269.646  269.646
799  269.646  269.646
800  269.646  269.646
801  269.22  269.645
802  269.22  269.644
803  269.22  269.715
804  269.22  271.273
805  269.22  273.041
806  269.22  274.049
807  269.22  271.43
808  269.22  269.22
809  269.22  269.22
810  269.22  269.22
811  269.22  269.22
812  269.22  269.22
813  269.22  269.22
814  269.22  269.22
815  269.22  269.22
816  269.22  269.22
817  269.22  269.22
818  269.22  269.22
819  269.22  269.22
820  269.22  269.22
821  269.22  269.22
822  269.22  269.22
823  269.22  269.22
824  269.22  269.22
825  269.22  269.22
826  269.22  269.22
827  269.22  269.22
828  269.22  269.22
829  269.22  269.22
830  269.22  269.22
831  269.22  269.22
832  269.22  269.22
833  269.22  269.22
834  269.22  269.22
835  269.22  269.22
836  269.22  269.22
837  269.22  269.22
838  269.22  269.22
839  269.22  269.22
840  269.22  269.22
841  269.22  269.22
842  269.22  269.22
843  269.22  269.22
844  269.22  269.22
845  269.22  269.22
846  269.22  269.22
847  269.22  269.22
848  269.22  269.22
849  269.22  269.22
850  269.22  269.22
851  269.22  269.22
852  269.22  269.22
853  269.22  269.22
854  269.22  269.22
855  269.22  269.22
856  269.22  269.22
857  269.22  269.22
858  269.22  269.22
859  269.22  269.22
860  269.22  269.22
861  269.22  269.22
862  269.22  269.22
863  269.22  269.22
864  269.22  269.22
865  269.22  269.22
866  269.22  269.22
867  269.22  269.22
868  269.22  269.22
869  269.22  269.22
870  269.22  269.22
871  269.22  269.22
872  269.22  269.22
873  269.22  269.22
874  269.22  269.22
875  269.22  269.22
876  269.22  269.22
877  269.22  269.22
878  269.22  269.22
879  269.22  269.22
880  269.22  269.22
881  269.22  269.22
882  269.22  269.22
883  269.22  269.22
884  269.22  269.22
885  269.22  269.22
886  269.22  269.22
887  269.22  269.22
888  269.22  269.22
889  269.22  269.22
890  269.22  269.22
891  269.22  269.22
892  269.22  269.22
893  269.22  269.22
894  269.22  269.22
895  269.22  269.22
896  269.22  269.22
897  269.22  269.22
898  269.22  269.22
899  269.22  269.22
900  269.22  269.22
901  269.22  269.22
902  269.22  269.22
903  269.22  269.22
904  269.22  269.22
905  269.22  269.22
906  269.22  269.22
907  269.22  269.22
908  269.22  269.22
909  269.22  269.22
910  269.22  269.22
911  269.22  269.22
912  269.22  269.22
913  269.22  269.22
914  269.22  269.22
915  269.22  269.22
916  269.22  269.22
917  269.22  269.22
918  269.22  269.22
919  269.22  269.22
920  269.22  269.22
921  269.22  269.22
922  269.22  269.22
923  269.22  269.22
924  269.22  269.22
925  269.22  269.22
926  269.22  269.22
927  269.22  269.22
928  269.22  269.22
929  269.22  269.22
930  269.22  269.22
931  269.22  269.22
932  269.22  269.22
933  269.22  269.22
934  269.22  269.22
935  269.22  269.22
936  269.22  269.22
937  269.22  269.22
938  269.22  269.22
939  269.22  269.22
940  269.22  269.22
941  269.22  269.22
942  269.22  269.22
943  269.22  269.22
944  269.22  269.22
945  269.22  269.22
946  269.22  269.22
947  269.22  269.22
948  269.22  269.22
949  269.22  269.22
950  269.22  269.22
951  269.22  269.22
952  269.22  269.22
953  269.22  269.22
954  269.22  269.22
955  269.22  269.22
956  269.22  269.22
957  269.22  269.22
958  269.22  269.22
959  269.22  269.22
960  269.22  269.22
961  269.22  269.22
962  269.22  269.22
963  269.22  269.22
964  269.22  269.22
965  269.22  269.22
966  269.22  269.22
967  269.22  269.22
968  269.22  269.22
969  269.22  269.22
970  269.22  269.22
971  269.22  269.22
972  269.22  269.22
973  269.22  269.22
974  269.22  269.22
975  269.22  269.22
976  269.22  269.22
977  269.22  269.22
978  269.22  269.22
979  269.22  269.22
980  269.22  269.22
981  269.22  269.22
982  269.22  269.22
983  269.22  269.22
984  269.22  269.22
985  269.22  269.22
986  269.22  269.22
987  269.22  269.22
988  269.22  269.22
989  269.22  269.22
990  269.22  269.22
991  269.22  269.22
992  269.22  269.22
993  269.22  269.22
994  269.22  269.22
995  269.22  269.22
996  269.22  269.22
997  269.22  269.22
998  269.22  269.22
999  269.22  269.22
269.22  269.22
986  269.22  269.22
987  269.22  269.22
988  269.22  269.22
989  269.22  269.22
990  269.22  269.22
991  269.22  269.22
992  269.22  269.22
993  269.22  269.22
994  269.22  269.22
995  269.22  269.22
996  269.22  269.22
997  269.22  269.22
998  269.22  269.22
999  269.22  269.22
269.22
995  269.22  269.22
996  269.22  269.22
997  269.22  269.22
998  269.22  269.22
999  269.22  269.22
