0  435.013  494.249
1  410.537  468.229
2  386.364  443.302
3  369.878  418.75
4  363.359  395.661
5  356.37  380.046
6  343.939  371.204
7  343.065  362.955
8  338.512  354.689
9  331.387  346.354
10  326.084  338.722
11  323.027  332.335
12  317.398  327.203
13  312.921  323.96
14  308.807  321.073
15  305.516  316.393
16  295.126  310.767
17  285.464  304.659
18  276.825  295.236
19  274.716  286.827
20  272.858  279.396
21  265.499  274.904
22  262.346  271.351
23  258.447  266.856
24  249.536  263.821
25  245.068  259.482
26  243.476  253.465
27  236.676  247.667
28  232.299  242.614
29  229.211  237.77
30  226.289  233.23
31  223.343  229.419
32  222.814  227.052
33  220.79  225.004
34  218.247  222.992
35  213.932  220.475
36  210.641  217.75
37  210.027  214.58
38  207.517  212.016
39  205.716  210.06
40  201.32  207.852
41  198.836  205.211
42  197.794  202.134
43  196.753  199.476
44  194.564  197.917
45  194.191  196.633
46  193.192  194.912
47  192.516  194.286
48  191.098  193.815
49  189.941  193.114
50  188.067  192.169
51  187.177  191.075
52  186.107  189.499
53  185.122  187.63
54  183.162  186.433
55  181.923  184.862
56  180.604  183.417
57  176.811  182.452
58  174.664  181.014
59  172.011  177.811
60  170.172  175.078
61  168.698  172.938
62  167.523  171.538
63  165.429  170.076
64  160.919  168.349
65  160.668  166.082
66  159.193  162.999
67  158.306  161.18
68  156.911  159.857
69  156.165  158.468
70  155.736  157.47
71  154.99  156.548
72  154.99  155.783
73  154.177  155.116
74  152.655  154.867
75  151.887  154.464
76  151.887  153.797
77  151.887  152.852
78  151.494  151.974
79  148.653  151.832
80  148.343  151.201
81  146.769  149.566
82  146.769  148.336
83  146.464  147.515
84  145.492  146.814
85  144.131  146.442
86  142.667  145.85
87  141.993  144.599
88  141.201  143.234
89  139.963  142.224
90  139.497  141.334
91  138.259  140.441
92  137.832  139.338
93  137.658  138.458
94  136.832  138.015
95  133.537  137.605
96  131.654  136.42
97  130.464  134.362
98  129.631  132.301
99  128.557  130.736
100  127.957  129.735
101  127.452  128.784
102  127.321  128.085
103  126.54  127.613
104  126.039  127.166
105  125.819  126.82
106  125.735  126.531
107  125.515  126.21
108  125.418  125.742
109  124.891  125.51
110  124.779  125.378
111  124.507  125.062
112  124.019  124.752
113  123.483  124.455
114  123.037  124.156
115  123.037  123.919
116  122.663  123.749
117  122.222  123.547
118  121.831  123.037
119  121.398  122.424
120  121.37  122.118
121  121.36  121.811
122  120.936  121.499
123  120.637  121.279
124  119.236  120.936
125  117.69  120.37
126  116.025  119.257
127  115.726  117.814
128  115.54  116.559
129  115.468  115.757
130  115.19  115.599
131  113.868  115.507
132  113.796  115.263
133  113.332  114.585
134  113.332  113.962
135  113.332  113.796
136  112.804  113.743
137  112.387  113.611
138  112.137  113.29
139  112.137  112.828
140  111.16  112.405
141  110.743  112.048
142  110.565  111.577
143  109.444  110.812
144  109.444  110.488
145  108.971  110.069
146  108.971  109.516
147  108.495  109.173
148  107.605  108.947
149  107.516  108.467
150  105.597  107.775
151  104.519  107.133
152  104.102  105.826
153  103.339  104.765
154  103.088  103.96
155  102.84  103.437
156  102.826  103.109
157  102.577  102.936
158  102.577  102.759
159  102.482  102.609
160  100.53  102.557
161  100.53  102.391
162  100.53  101.763
163  98.9947  100.907
164  98.9204  100.319
165  98.6366  99.6354
166  98.4959  98.9705
167  98.4959  98.8819
168  98.1596  98.665
169  98.1596  98.454
170  97.8344  98.274
171  97.1001  98.0959
172  96.4386  97.7002
173  96.1714  97.0963
174  95.7613  96.5207
175  95.7613  96.2007
176  95.7613  95.9638
177  94.8172  95.9734
178  94.8172  97.7089
179  94.6963  98.8275
180  93.1389  98.0818
181  91.9616  96.7308
182  91.358  95.3239
183  91.358  93.7411
184  91.358  91.8448
185  91.1156  91.3654
186  91.1156  91.3254
187  90.9998  91.1993
188  90.7574  91.1153
189  90.7574  91.1096
190  90.7574  91.0782
191  90.7574  91.0141
192  90.7574  90.9217
193  90.7574  90.8274
194  90.7574  90.7574
195  90.7574  90.7574
196  90.5282  90.7571
197  90.5282  90.7218
198  90.4174  90.5981
199  89.9747  90.5122
200  89.5546  90.3834
201  89.0356  90.0059
202  88.6155  89.5591
203  88.6155  88.9744
204  88.4445  88.6152
205  88.2157  88.593
206  88.0448  88.4773
207  87.2552  88.2615
208  87.2552  87.9303
209  86.7786  87.4776
210  86.7786  87.2153
211  86.775  87.0049
212  86.6604  86.7779
213  86.6604  86.7705
214  86.6604  86.7409
215  86.6604  86.7074
216  86.6604  86.6604
217  86.6604  86.6604
218  86.6604  86.6604
219  85.5452  86.6586
220  85.5452  86.524
221  85.5452  85.909
222  85.241  85.5448
223  85.241  85.5328
224  85.241  85.4823
225  85.241  85.6488
226  85.241  85.3046
227  84.4352  85.2397
228  84.4352  85.1554
229  83.7179  84.7671
230  83.7179  84.4422
231  83.6424  84.2369
232  82.871  84.0459
233  82.6329  83.6832
234  82.5034  83.2975
235  82.0224  82.8418
236  81.9072  82.5015
237  81.6803  82.2219
238  81.397  81.906
239  81.3806  81.6989
240  81.1864  81.4873
241  81.1699  81.3694
242  81.1699  81.2697
243  81.1699  81.1705
244  81.1699  81.1699
245  81.1699  81.1699
246  80.8508  81.1694
247  80.8508  81.1336
248  80.8508  80.9714
249  80.8508  80.8508
250  80.4641  80.8502
251  80.1451  80.7979
252  80.1451  80.5092
253  80.1451  80.2079
254  80.1451  80.1451
255  80.1451  80.1451
256  80.1451  80.1451
257  80.1451  80.1451
258  80.1451  80.1451
259  79.7164  80.1443
260  79.4608  80.1
261  79.1491  79.8779
262  79.0121  79.5226
263  79.0121  79.2154
264  79.0121  79.0558
265  79.0121  79.0121
266  78.9682  79.012
267  78.6543  79.0047
268  78.2854  78.9391
269  78.1042  78.6976
270  78.1042  78.3644
271  78.1042  78.1757
272  78.0222  78.1041
273  77.8457  78.093
274  77.4172  78.0272
275  77.2407  77.8558
276  77.2407  77.4854
277  77.2407  77.2613
278  77.0961  77.2404
279  76.9648  77.232
280  76.9648  77.1833
281  76.8866  77.2207
282  76.5981  77.0589
283  76.5198  77.0196
284  76.5198  77.0431
285  76.5198  77.1581
286  76.5198  76.6409
287  76.5198  76.5198
288  76.2999  76.5195
289  76.2382  76.4917
290  76.2382  76.3682
291  76.2382  76.2548
292  76.2382  76.2382
293  76.2382  76.2382
294  76.0378  76.2378
295  76.0378  76.2277
296  76.0378  76.1721
297  76.0378  76.117
298  76.0378  76.0378
299  76.0378  76.0378
300  76.0378  76.0378
301  76.0197  76.0378
302  76.0197  76.035
303  75.8605  76.0247
304  75.8605  75.9984
305  75.8605  75.9005
306  75.8605  75.8605
307  75.8605  75.8605
308  75.8605  75.8605
309  75.8605  75.8605
310  75.8605  75.8605
311  75.8605  75.8605
312  75.8605  75.8605
313  75.8605  75.8605
314  75.2109  75.8594
315  75.2109  75.7621
316  75.2109  75.3896
317  75.2109  75.2109
318  75.2109  75.2109
319  75.2109  75.2109
320  75.2109  75.2109
321  75.2109  75.2109
322  75.1511  75.2108
323  75.0622  75.2013
324  75.0622  75.1408
325  75.0622  75.0761
326  75.0622  75.0622
327  74.8654  75.0619
328  74.7666  75.0454
329  74.7597  74.9757
330  74.7597  74.8606
331  74.7597  74.7642
332  74.7597  74.7597
333  74.7597  74.7597
334  74.7597  74.7597
335  74.7597  74.7597
336  74.7597  74.7597
337  74.7597  74.7597
338  74.7597  74.7597
339  74.7597  74.7597
340  74.7597  74.7597
341  74.7597  74.7597
342  74.489  74.7593
343  74.489  74.7192
344  74.489  74.5648
345  74.489  74.489
346  74.489  74.489
347  74.2865  74.4887
348  74.2865  74.4607
349  74.2865  74.3528
350  74.2865  74.2865
351  74.2865  74.2865
352  74.2865  74.2865
353  74.2865  74.2865
354  74.2865  74.2865
355  74.2865  74.2865
356  74.1389  74.2862
357  74.1389  74.2796
358  74.1069  74.2474
359  73.9594  74.2269
360  73.9594  74.202
361  73.9594  74.042
362  73.9594  73.9594
363  73.9594  73.9594
364  73.9594  73.9594
365  73.9594  73.9594
366  73.9594  73.9594
367  73.5452  73.9588
368  73.5452  73.9321
369  73.3816  73.8191
370  73.3816  73.6361
371  73.3816  73.4425
372  73.3816  73.3816
373  73.3816  73.3816
374  73.3816  73.3816
375  73.3816  73.3816
376  73.3816  73.3816
377  73.3816  73.3816
378  73.3816  73.3816
379  73.3816  73.3816
380  73.3816  73.3816
381  73.3816  73.3816
382  73.3816  73.3816
383  73.3816  73.3816
384  73.3816  73.3816
385  73.3816  73.3816
386  73.3816  73.3816
387  73.3816  73.3816
388  73.3816  73.3816
389  73.3816  73.3816
390  73.3816  73.3816
391  73.3816  73.3816
392  73.3816  73.3816
393  73.3816  73.3816
394  73.3816  73.3816
395  73.3816  73.3816
396  73.3816  73.3816
397  73.3816  73.3816
398  73.3816  73.3816
399  73.3816  73.3816
400  73.3816  73.3816
401  73.3816  73.3816
402  73.3816  73.3816
403  73.1173  73.3811
404  73.1173  73.362
405  73.1173  73.2889
406  73.1173  73.1838
407  73.1173  73.1173
408  73.1173  73.1173
409  73.1173  73.1173
410  73.1173  73.1173
411  73.1173  73.1173
412  73.1173  73.1173
413  73.1173  73.1173
414  73.1173  73.1173
415  73.1173  73.1173
416  73.1173  73.1173
417  73.1173  73.1173
418  73.1173  73.1173
419  73.1173  73.1173
420  73.1173  73.1173
421  73.1173  73.1173
422  73.1173  73.1173
423  73.1173  73.1173
424  73.1173  73.1173
425  73.1173  73.1173
426  73.1173  73.1173
427  73.1173  73.1173
428  73.1173  73.1173
429  73.1173  73.1173
430  73.1173  73.1173
431  73.1173  73.1173
432  73.1173  73.1173
433  73.1173  73.1173
434  73.1173  73.1173
435  73.1173  73.1173
436  73.1173  73.1173
437  73.1173  73.1173
438  73.1173  73.1173
439  73.1173  73.1173
440  73.1173  73.1173
441  73.1173  73.1173
442  73.1173  73.1173
443  73.1173  73.1173
444  73.0029  73.1171
445  72.9652  73.1
446  72.8508  73.0485
447  72.722  72.9827
448  72.6076  72.9145
449  72.6076  72.8
450  72.3658  72.6111
451  72.2514  72.5783
452  72.2514  72.411
453  72.2514  72.2566
454  72.2514  72.2514
455  72.2514  72.2514
456  72.2514  72.2514
457  72.2514  72.2514
458  72.2514  72.2514
459  72.2514  72.2514
460  72.2514  72.2514
461  72.2514  72.2514
462  72.2514  72.2514
463  72.2514  72.2514
464  72.2514  72.2514
465  72.2514  72.2514
466  72.2514  72.2514
467  72.2514  72.2514
468  72.2514  72.2514
469  72.2514  72.2514
470  72.2514  72.2514
471  72.2514  72.2514
472  72.2514  72.2514
473  72.2514  72.2514
474  72.2514  72.2514
475  72.2514  72.2514
476  72.2514  72.2514
477  72.2459  72.2514
478  72.2459  72.2505
479  72.2459  72.2472
480  72.2459  72.2459
481  72.2459  72.2459
482  72.2459  72.2459
483  72.2459  72.2459
484  72.2459  72.2459
485  72.2459  72.2459
486  72.2459  72.2459
487  72.2459  72.2459
488  72.2459  72.2459
489  72.2459  72.2459
490  71.9437  72.2454
491  71.9327  72.1952
492  71.6305  72.0153
493  71.6305  71.8541
494  71.6305  71.6647
495  71.6305  71.6305
496  71.6305  71.6305
497  71.6305  71.6305
498  71.6305  71.6305
499  71.6305  71.6305
500  71.6305  71.6305
501  71.4863  71.6303
502  71.4863  71.6099
503  71.4863  71.528
504  71.4863  71.4863
505  71.4863  71.4863
506  71.4863  71.4863
507  71.4863  71.4863
508  71.4863  71.4863
509  71.4863  71.4863
510  71.4863  71.4863
511  71.4863  71.4863
512  71.329  71.4861
513  71.329  71.4621
514  71.329  71.3682
515  71.329  71.329
516  71.329  71.329
517  71.329  71.329
518  71.329  71.329
519  71.329  71.329
520  71.295  71.329
521  71.295  71.3244
522  71.295  71.305
523  71.295  71.295
524  71.295  71.295
525  71.295  71.295
526  71.295  71.295
527  71.295  71.295
528  71.295  71.295
529  71.295  71.295
530  71.295  71.295
531  71.295  71.295
532  71.295  71.295
533  71.295  71.295
534  71.295  71.295
535  71.295  71.295
536  71.295  71.295
537  71.295  71.295
538  71.295  71.295
539  70.8402  71.2943
540  70.8402  71.2206
541  70.8402  70.9577
542  70.8402  70.8402
543  70.8402  70.8402
544  70.8402  70.8402
545  70.8402  70.8402
546  70.8402  70.8402
547  70.063  70.839
548  70.063  70.7326
549  70.0575  70.2403
550  70.0575  70.0623
551  70.0575  70.0591
552  70.0575  70.0575
553  70.0575  70.0575
554  70.0575  70.0575
555  70.0575  70.0575
556  70.0575  70.0575
557  70.0575  70.0575
558  70.0575  70.0575
559  70.0575  70.0575
560  70.0575  70.0575
561  69.7025  70.057
562  69.7025  70.001
563  69.7025  69.7959
564  69.7025  69.7025
565  69.7025  69.7025
566  69.7025  69.7025
567  69.7025  69.7025
568  69.7025  69.7025
569  69.7025  69.7025
570  69.7025  69.7025
571  69.7025  69.7025
572  69.7025  69.7025
573  69.7025  69.7025
574  69.7025  69.7025
575  69.7025  69.7025
576  69.7025  69.7025
577  69.7025  69.7025
578  69.7025  69.7025
579  69.7025  69.7025
580  69.7025  69.7025
581  69.7025  69.7025
582  69.7025  69.7025
583  69.7025  69.7025
584  69.7025  69.7025
585  69.7025  69.7025
586  69.7025  69.7025
587  69.7025  69.7025
588  69.7025  69.7025
589  69.7025  69.7025
590  69.7025  69.7025
591  69.7025  69.7025
592  69.7025  69.7025
593  69.011  69.7015
594  69.011  69.594
595  69.011  69.1662
596  69.011  69.011
597  69.011  69.011
598  69.011  69.011
599  69.011  69.011
600  69.011  69.011
601  69.011  69.011
602  69.011  69.011
603  69.011  69.011
604  69.011  69.011
605  69.011  69.011
606  69.011  69.011
607  69.011  69.011
608  69.011  69.011
609  69.011  69.011
610  69.011  69.011
611  69.011  69.011
612  69.011  69.011
613  69.011  69.011
614  69.011  69.011
615  69.011  69.011
616  69.011  69.011
617  69.011  69.011
618  69.011  69.011
619  69.011  69.011
620  69.011  69.011
621  69.011  69.011
622  69.011  69.011
623  69.011  69.011
624  69.011  69.011
625  69.011  69.011
626  69.011  69.011
627  69.011  69.011
628  69.011  69.011
629  69.011  69.011
630  69.011  69.011
631  69.011  69.011
632  69.011  69.011
633  69.011  69.011
634  69.011  69.011
635  69.011  69.011
636  69.011  69.011
637  69.011  69.011
638  69.011  69.011
639  69.011  69.011
640  69.011  69.011
641  69.011  69.011
642  69.011  69.011
643  69.011  69.011
644  69.011  69.011
645  69.011  69.011
646  69.011  69.011
647  69.011  69.011
648  69.011  69.011
649  69.011  69.011
650  69.011  69.011
651  69.011  69.011
652  69.011  69.011
653  69.011  69.011
654  69.011  69.011
655  69.011  69.011
656  69.011  69.011
657  69.011  69.011
658  69.011  69.011
659  69.011  69.011
660  69.011  69.011
661  69.011  69.011
662  69.011  69.011
663  69.011  69.011
664  69.011  69.011
665  69.011  69.011
666  69.011  69.011
667  69.011  69.011
668  69.011  69.011
669  69.011  69.011
670  69.011  69.011
671  69.011  69.011
672  69.011  69.011
673  69.011  69.011
674  69.011  69.011
675  69.011  69.011
676  69.011  69.011
677  69.011  69.011
678  69.011  69.011
679  69.011  69.011
680  69.011  69.011
681  69.011  69.011
682  69.011  69.011
683  68.7977  69.0106
684  68.7977  68.9818
685  68.7977  68.8607
686  68.7977  68.7977
687  68.7977  68.7977
688  68.7977  68.7977
689  68.7977  68.7977
690  68.7977  68.7977
691  68.7977  68.7977
692  68.7977  68.7977
693  68.7977  68.7977
694  68.7977  68.7977
695  68.7977  68.7977
696  68.7977  68.7977
697  68.7977  68.7977
698  68.7977  68.7977
699  68.7977  68.7977
700  68.7977  68.7977
701  68.7977  68.7977
702  68.7977  68.7977
703  68.7977  68.7977
704  68.7977  68.7977
705  68.7977  68.7977
706  68.7977  68.7977
707  68.7977  68.7977
708  68.7977  68.7977
709  68.7977  68.7977
710  68.7977  68.7977
711  68.7977  68.7977
712  68.7977  68.7977
713  68.7977  68.7977
714  68.7977  68.7977
715  68.7977  68.7977
716  68.7977  68.7977
717  68.7977  68.7977
718  68.7977  68.7977
719  68.7977  68.7977
720  68.7977  68.7977
721  68.7977  68.7977
722  68.7977  68.7977
723  68.7977  68.7977
724  68.7977  68.7977
725  68.7977  68.7977
726  68.7977  68.7977
727  68.7977  68.7977
728  68.7977  68.7977
729  68.7977  68.7977
730  68.7977  68.7977
731  68.7977  68.7977
732  68.7977  68.7977
733  68.7977  68.7977
734  68.7977  68.7977
735  68.7977  68.7977
736  68.7977  68.7977
737  68.7977  68.7977
738  68.7977  68.7977
739  68.7977  68.7977
740  68.7977  68.7977
741  68.7977  68.7977
742  68.7977  68.7977
743  68.7977  68.7977
744  68.7977  68.7977
745  68.7977  68.7977
746  68.7977  68.7977
747  68.7977  68.7977
748  68.7977  68.7977
749  68.7977  68.7977
750  68.7977  68.7977
751  68.7977  68.7977
752  68.7977  68.7977
753  68.7977  68.7977
754  68.7977  68.7977
755  68.7977  68.7977
756  68.7977  68.7977
757  68.7977  68.7977
758  68.7977  68.7977
759  68.7977  68.7977
760  68.7977  68.7977
761  68.7977  68.7977
762  68.7977  68.7977
763  68.7977  68.7977
764  68.7977  68.7977
765  68.7977  68.7977
766  68.7977  68.7977
767  68.7977  68.7977
768  68.7977  68.7977
769  68.7977  68.7977
770  68.7977  68.7977
771  68.7977  68.7977
772  68.7977  68.7977
773  68.7977  68.7977
774  68.7977  68.7977
775  68.7977  68.7977
776  68.7977  68.7977
777  68.7977  68.7977
778  68.7977  68.7977
779  68.7977  68.7977
780  68.7977  68.7977
781  68.7977  68.7977
782  68.7977  68.7977
783  68.7977  68.7977
784  68.7977  68.7977
785  68.7977  68.7977
786  68.7977  68.7977
787  68.7977  68.7977
788  68.7977  68.7977
789  68.7977  68.7977
790  68.7977  68.7977
791  68.7977  68.7977
792  68.7977  68.7977
793  68.7977  68.7977
794  68.7977  68.7977
795  68.7977  68.7977
796  68.7977  68.7977
797  68.7977  68.7977
798  68.7977  68.7977
799  68.7977  68.7977
800  68.7977  68.7977
801  68.7977  68.7977
802  68.7977  68.7977
803  68.7977  68.7977
804  68.7977  68.7977
805  68.7977  68.7977
806  68.7977  68.7977
807  68.7977  68.7977
808  68.7977  68.7977
809  68.7977  68.7977
810  68.7977  68.7977
811  68.7977  68.7977
812  68.7977  68.7977
813  68.7977  68.7977
814  68.7977  68.7977
815  68.7977  68.7977
816  68.7977  68.7977
817  68.7977  68.7977
818  68.7977  68.7977
819  68.7977  68.7977
820  68.7977  68.7977
821  68.7977  68.7977
822  68.7977  68.7977
823  68.7977  68.7977
824  68.7977  68.7977
825  68.7977  68.7977
826  68.7977  68.7977
827  68.7977  68.7977
828  68.7977  68.7977
829  68.7977  68.7977
830  68.7977  68.7977
831  68.7977  68.7977
832  68.7977  68.7977
833  68.7977  68.7977
834  68.7977  68.7977
835  68.7977  68.7977
836  68.7977  68.7977
837  68.7977  68.7977
838  68.7977  68.7977
839  68.7977  68.7977
840  68.7977  68.7977
841  68.7977  68.7977
842  68.7977  68.7977
843  68.7977  68.7977
844  68.7977  68.7977
845  68.7977  68.7977
846  68.7977  68.7977
847  68.7977  68.7977
848  68.7977  68.7977
849  68.7977  68.7977
850  68.7977  68.7977
851  68.7977  68.7977
852  68.7977  68.7977
853  68.7977  68.7977
854  68.7977  68.7977
855  68.7977  68.7977
856  68.7977  68.7977
857  68.7977  68.7977
858  68.7977  68.7977
859  68.7977  68.7977
860  68.7977  68.7977
861  68.7977  68.7977
862  68.7977  68.7977
863  68.7977  68.7977
864  68.7977  68.7977
865  68.7977  68.7977
866  68.7977  68.7977
867  68.7977  68.7977
868  68.7977  68.7977
869  68.7977  68.7977
870  68.7977  68.7977
871  68.7977  68.7977
872  68.7977  68.7977
873  68.7977  68.7977
874  68.7977  68.7977
875  68.7977  68.7977
876  68.7977  68.7977
877  68.7977  68.7977
878  68.7977  68.7977
879  68.7977  68.7977
880  68.7977  68.7977
881  68.7977  68.7977
882  68.7977  68.7977
883  68.7977  68.7977
884  68.7977  68.7977
885  68.7977  68.7977
886  68.7977  68.7977
887  68.7977  68.7977
888  68.7977  68.7977
889  68.7977  68.7977
890  68.7977  68.7977
891  68.7977  68.7977
892  68.7977  68.7977
893  68.7977  68.7977
894  68.7977  68.7977
895  68.7977  68.7977
896  68.7977  68.7977
897  68.7977  68.7977
898  68.7977  68.7977
899  68.7977  68.7977
