-0.148998  1  0.5
-0.293373  0.967981  0.552126
-0.415408  0.887857  0.630913
-0.0451596  0.997826  0.813612
-0.0700003  0.836538  0.891641
-0.224265  0.754781  0.84122
-0.237693  0.736107  0.898029
-0.115791  0.693176  0.94542
-0.418682  0.795222  0.678301
-0.369288  0.891401  0.691087
0.288888  1.15335  0.705079
0.802003  1.20516  0.797423
0.810594  1.09289  0.90613
1.01135  1.0473  0.99066
0.527259  0.983914  0.94443
0.162856  0.746535  1.03044
0.0458571  0.69789  1.03876
-0.213903  0.619692  0.944429
0.922022  1.0339  0.985289
0.425483  0.794242  1.11896
0.743945  0.980941  0.996735
1.40495  1.0185  1.13276
3.55684  1.28339  1.09971
3.17391  1.30929  1.05309
1.28114  1.11863  1.04042
1.30105  1.11761  0.976903
0.569767  1.15028  0.830623
0.24346  0.998508  0.865709
-0.192817  0.950024  0.746654
-0.270391  0.543202  0.732949
-0.13637  0.492588  0.56645
-0.231447  0.523007  0.623416
-0.249728  0.889603  0.782015
-0.253672  0.921305  0.767071
-0.256939  0.883115  0.750284
-0.211434  0.969215  0.728612
-0.369556  0.676484  0.72054
-0.423791  0.79531  0.685575
-0.370758  0.713935  0.739271
-0.279004  0.522503  0.761888
-0.302481  0.555959  0.752667
-0.299769  0.687038  0.842446
-0.185477  0.843012  0.827436
0.326666  1.05234  0.8443
0.183919  0.972292  0.848315
0.218062  1.06248  0.806326
0.0332026  1.05583  0.754145
-0.00957777  1.01218  0.777162
-0.181213  0.824006  0.858822
-0.301753  0.923614  0.7181
-0.37645  0.808379  0.730018
-0.424628  0.789635  0.667713
0.0758119  0.82739  0.426773
-0.320862  0.928098  0.546452
-0.430286  0.88377  0.626336
-0.387942  0.897319  0.673201
-0.287603  0.985755  0.572961
-0.294148  0.935023  0.530412
-0.425559  0.771046  0.567156
-0.274895  0.780283  0.496705
0.198499  1.0253  0.42239
1.93122  0.942808  0.270839
1.47632  1.24662  0.304614
1.482  1.14476  0.302085
2.09744  1.27929  0.276206
0.797661  1.12821  0.35753
1.64394  1.47778  0.459248
1.29675  1.36629  0.36058
2.52609  1.5183  0.321927
0.94111  1.33626  0.408266
1.39287  1.42988  0.527429
1.65749  1.45077  0.550752
1.10173  1.37788  0.553185
1.00573  1.36665  0.500696
0.671461  1.31161  0.497072
0.441427  1.25533  0.507749
2.82248  1.38501  0.262855
1.60902  1.43837  0.371695
1.06367  1.3606  0.396362
1.29225  1.4242  0.49071
1.33742  1.42247  0.415972
1.41508  1.11997  0.305022
0.443729  1.16647  0.408911
0.537115  1.23733  0.420961
0.0856938  1.10817  0.479793
-0.0928184  1.08313  0.526298
-0.388652  0.806696  0.549194
-0.410031  0.8522  0.56618
-0.402311  0.812962  0.553523
-0.00313313  0.606364  0.431304
-0.108147  0.510251  0.488332
0.258079  0.760593  0.404045
0.642816  0.895459  0.361544
0.188699  1.01777  0.430512
0.201118  1.00149  0.424757
-0.19336  1.04229  0.549126
-0.235314  1.02045  0.627269
0.170633  1.14578  0.634735
-0.281052  0.993003  0.659029
0.48366  1.14846  0.742393
-0.369531  0.912069  0.667452
0.157075  1.05851  0.828824
-0.337801  0.733746  0.758541
-0.275777  0.823121  0.79378
-0.25961  0.517994  0.721819
-0.219158  0.537301  0.601793
-0.436151  0.755186  0.593917
-0.329504  0.67955  0.516101
0.0710548  1.14977  0.607039
-0.450499  0.782437  0.636171
-0.410987  0.721326  0.647638
-0.403424  0.685843  0.622856
-0.418353  0.736008  0.679827
-0.294679  0.560973  0.660604
-0.255801  0.544731  0.666965
-0.259682  0.510214  0.867007
-0.263014  0.576858  0.916036
-0.267904  0.519209  0.918543
-0.2999  0.504747  0.809734
-0.29194  0.873593  0.747857
-0.276277  0.558827  0.808308
-0.294568  0.563055  0.742411
-0.420061  0.725709  0.584783
-0.409834  0.706572  0.59127
0.45426  0.493519  0.353995
1.21376  0.356196  0.277165
2.69407  0.310253  0.212632
2.43186  0.199584  0.225766
0.984953  0.343119  0.293894
0.846353  0.313255  0.323878
1.24635  0.176239  0.368323
0.850856  0.105355  0.473179
1.49788  -0.120213  0.361028
1.22091  -0.231121  0.33136
0.718994  -0.31706  0.344034
0.565211  -0.357537  0.358185
0.670851  -0.298233  0.39797
0.111913  -0.439513  0.449811
-0.108108  -0.48895  0.535928
0.0502714  -0.368799  0.587643
-0.216926  -0.548187  0.552471
-0.202256  -0.629743  0.482021
-0.02676  -0.574754  0.444776
-0.0953188  -0.868953  0.465418
-0.35309  -0.652737  0.545303
0.12894  -0.420612  0.461953
0.429582  -0.250509  0.510197
-0.179712  -0.538214  0.541476
-0.276677  -0.586181  0.578053
-0.433215  -0.777069  0.672109
-0.434151  -0.834913  0.615628
-0.436258  -0.822452  0.583685
-0.13019  -0.825882  0.46338
-0.318883  -0.758145  0.510395
-0.315701  -0.871666  0.518814
-0.232451  -1.03081  0.601001
1.11443  -1.36108  0.575135
0.151432  -1.18024  0.549072
-0.184301  -1.00052  0.682124
-0.389456  -0.909143  0.5874
0.232532  -1.16598  0.641856
-0.267944  -0.987276  0.670695
0.101928  -1.063  0.77097
-0.108584  -0.963025  0.784534
1.87994  -1.26189  0.922286
0.759008  -1.19066  0.784975
-0.112836  -1.02122  0.707775
0.207588  -1.04008  0.817359
-0.39299  -0.871434  0.682562
0.0239869  -0.991641  0.805262
-0.140669  -1.01514  0.730909
-0.332748  -0.600745  0.735572
-0.185455  -0.324654  0.8307
-0.27541  -0.539711  0.771955
-0.0310591  -0.34621  0.648738
-0.149959  -0.486164  0.594822
0.311496  -0.117991  0.587435
0.307785  -0.0196342  0.606362
0.144367  0.163023  0.647726
0.228693  0.254387  0.586681
0.60093  0.294845  0.416699
-0.0547093  0.433041  0.590613
-0.323475  0.59876  0.642075
-0.285381  0.652088  0.50344
-0.13178  0.636695  0.456851
-0.00752849  0.467506  0.506866
-0.241589  0.552675  0.612501
-0.405812  0.697517  0.610072
-0.333405  0.705535  0.518607
-0.265503  0.629572  0.520626
-0.216191  0.468944  0.722688
-0.223072  0.311667  0.818529
-0.116381  0.250873  0.781536
0.0177895  0.0678737  0.735166
-0.16518  0.159427  0.839535
-0.287801  0.238702  0.945938
-0.242453  0.241884  0.912639
-0.27352  0.464399  0.863406
-0.254088  0.431585  0.837567
0.0103339  0.169026  0.714506
0.357123  0.0297832  0.584342
0.346485  0.138779  0.581474
0.48004  -0.0322611  0.557282
0.482328  -0.272527  0.477255
-0.0214948  -0.356081  0.64609
-0.187923  -0.486802  0.63429
-0.330076  -0.604119  0.698744
-0.406381  -0.729288  0.570801
-0.305653  -0.964001  0.55489
0.0689238  -1.10383  0.67861
-0.0964052  -1.0349  0.738367
-0.00685123  -1.06202  0.721353
-0.43717  -0.829144  0.618605
-0.425125  -0.83252  0.664341
-0.433205  -0.727352  0.624787
-0.366545  -0.941397  0.660289
-0.232077  -1.02687  0.63872
-0.148858  -0.924526  0.482153
-0.18661  -0.998503  0.519529
0.480804  -1.26021  0.469357
0.285686  -1.21029  0.493923
0.265923  -1.13384  0.436697
-0.163492  -0.961321  0.489758
-0.0956901  -0.861954  0.461155
0.158265  -0.644546  0.405866
0.357456  -0.416244  0.381987
0.416372  -0.41  0.36618
0.126681  -0.566467  0.40515
-0.103431  -0.578754  0.451447
-0.363423  -0.72211  0.523614
-0.436743  -0.859161  0.615992
-0.239747  -0.916964  0.780144
-0.120083  -0.596856  0.975377
-0.181615  -0.676346  0.952067
-0.257769  -0.408489  0.875254
-0.237597  -0.405843  0.936689
-0.269677  -0.350977  1.01061
-0.186096  -0.236011  1.06479
-0.213327  -0.248036  1.09102
-0.25543  -0.299645  1.05608
-0.249772  -0.379901  0.985313
-0.232464  -0.263976  0.881328
-0.226384  -0.157126  0.913883
-0.254335  -0.197798  0.919484
-0.229089  -0.00074472  0.926449
-0.239089  -0.151663  0.94573
-0.211635  -0.346028  0.955343
-0.219223  -0.0942857  0.912013
-0.263914  -0.295855  0.996655
-0.237057  -0.203922  0.999111
-0.141541  -0.309974  1.0963
-0.157379  -0.405565  1.08702
-0.0418386  -0.452116  1.17034
0.479248  -0.339939  1.31392
0.237037  -0.185052  1.29589
-0.0617234  0.0240576  1.19091
0.0176086  -0.0473138  1.26131
-0.0264465  0.110513  1.2223
-0.177251  0.186031  1.09915
-0.235971  0.0416234  1.07406
-0.260371  0.080557  0.96224
-0.270635  -0.266823  1.00994
-0.258057  -0.371535  0.917052
-0.248351  -0.23598  0.917004
-0.233954  -0.275001  0.880235
-0.258989  -0.570522  0.905598
-0.152459  -0.840573  0.875338
-0.268271  -0.784355  0.823172
-0.14591  -0.943656  0.779547
-0.402786  -0.687088  0.6585
-0.259647  -0.971013  0.730651
-0.385712  -0.91086  0.573577
-0.305671  -0.937512  0.542124
-0.292905  -0.915216  0.522351
-0.335898  -0.969724  0.583251
-0.072062  -1.03613  0.494356
-0.421356  -0.878583  0.602413
-0.295311  -0.607357  0.572668
-0.405584  -0.701311  0.677006
-0.376405  -0.716473  0.72489
-0.392027  -0.678134  0.654349
-0.327329  -0.599596  0.73053
-0.400027  -0.676094  0.608947
-0.419779  -0.750117  0.581823
-0.331079  -0.923615  0.67564
-0.361225  -0.654358  0.703717
-0.366068  -0.638289  0.723599
-0.34451  -0.688278  0.770924
-0.369516  -0.667589  0.735234
-0.420053  -0.748085  0.688782
-0.411683  -0.738222  0.707334
-0.440142  -0.793249  0.624246
-0.416643  -0.724197  0.572047
-0.436784  -0.803686  0.567943
-0.397875  -0.691659  0.590155
-0.377334  -0.927046  0.600407
-0.42708  -0.83846  0.576221
-0.44659  -0.780677  0.63887
-0.449749  -0.807175  0.606267
-0.449749  -0.807175  0.606267
-0.449749  -0.807175  0.606267
