0  1  0.5
1  0.967981  0.552126
2  0.887857  0.630913
3  0.997826  0.813612
4  0.836538  0.891641
5  0.754781  0.84122
6  0.736107  0.898029
7  0.693176  0.94542
8  0.795222  0.678301
9  0.891401  0.691087
10  1.15335  0.705079
11  1.20516  0.797423
12  1.09289  0.90613
13  1.0473  0.99066
14  0.983914  0.94443
15  0.746535  1.03044
16  0.69789  1.03876
17  0.619692  0.944429
18  1.0339  0.985289
19  0.794242  1.11896
20  0.980941  0.996735
21  1.0185  1.13276
22  1.28339  1.09971
23  1.30929  1.05309
24  1.11863  1.04042
25  1.11761  0.976903
26  1.15028  0.830623
27  0.998508  0.865709
28  0.950024  0.746654
29  0.543202  0.732949
30  0.492588  0.56645
31  0.523007  0.623416
32  0.889603  0.782015
33  0.921305  0.767071
34  0.883115  0.750284
35  0.969215  0.728612
36  0.676484  0.72054
37  0.79531  0.685575
38  0.713935  0.739271
39  0.522503  0.761888
40  0.555959  0.752667
41  0.687038  0.842446
42  0.843012  0.827436
43  1.05234  0.8443
44  0.972292  0.848315
45  1.06248  0.806326
46  1.05583  0.754145
47  1.01218  0.777162
48  0.824006  0.858822
49  0.923614  0.7181
50  0.808379  0.730018
51  0.789635  0.667713
52  0.82739  0.426773
53  0.928098  0.546452
54  0.88377  0.626336
55  0.897319  0.673201
56  0.985755  0.572961
57  0.935023  0.530412
58  0.771046  0.567156
59  0.780283  0.496705
60  1.0253  0.42239
61  0.942808  0.270839
62  1.24662  0.304614
63  1.14476  0.302085
64  1.27929  0.276206
65  1.12821  0.35753
66  1.47778  0.459248
67  1.36629  0.36058
68  1.5183  0.321927
69  1.33626  0.408266
70  1.42988  0.527429
71  1.45077  0.550752
72  1.37788  0.553185
73  1.36665  0.500696
74  1.31161  0.497072
75  1.25533  0.507749
76  1.38501  0.262855
77  1.43837  0.371695
78  1.3606  0.396362
79  1.4242  0.49071
80  1.42247  0.415972
81  1.11997  0.305022
82  1.16647  0.408911
83  1.23733  0.420961
84  1.10817  0.479793
85  1.08313  0.526298
86  0.806696  0.549194
87  0.8522  0.56618
88  0.812962  0.553523
89  0.606364  0.431304
90  0.510251  0.488332
91  0.760593  0.404045
92  0.895459  0.361544
93  1.01777  0.430512
94  1.00149  0.424757
95  1.04229  0.549126
96  1.02045  0.627269
97  1.14578  0.634735
98  0.993003  0.659029
99  1.14846  0.742393
100  0.912069  0.667452
101  1.05851  0.828824
102  0.733746  0.758541
103  0.823121  0.79378
104  0.517994  0.721819
105  0.537301  0.601793
106  0.755186  0.593917
107  0.67955  0.516101
108  1.14977  0.607039
109  0.782437  0.636171
110  0.721326  0.647638
111  0.685843  0.622856
112  0.736008  0.679827
113  0.560973  0.660604
114  0.544731  0.666965
115  0.510214  0.867007
116  0.576858  0.916036
117  0.519209  0.918543
118  0.504747  0.809734
119  0.873593  0.747857
120  0.558827  0.808308
121  0.563055  0.742411
122  0.725709  0.584783
123  0.706572  0.59127
124  0.493519  0.353995
125  0.356196  0.277165
126  0.310253  0.212632
127  0.199584  0.225766
128  0.343119  0.293894
129  0.313255  0.323878
130  0.176239  0.368323
131  0.105355  0.473179
132  -0.120213  0.361028
133  -0.231121  0.33136
134  -0.31706  0.344034
135  -0.357537  0.358185
136  -0.298233  0.39797
137  -0.439513  0.449811
138  -0.48895  0.535928
139  -0.368799  0.587643
140  -0.548187  0.552471
141  -0.629743  0.482021
142  -0.574754  0.444776
143  -0.868953  0.465418
144  -0.652737  0.545303
145  -0.420612  0.461953
146  -0.250509  0.510197
147  -0.538214  0.541476
148  -0.586181  0.578053
149  -0.777069  0.672109
150  -0.834913  0.615628
151  -0.822452  0.583685
152  -0.825882  0.46338
153  -0.758145  0.510395
154  -0.871666  0.518814
155  -1.03081  0.601001
156  -1.36108  0.575135
157  -1.18024  0.549072
158  -1.00052  0.682124
159  -0.909143  0.5874
160  -1.16598  0.641856
161  -0.987276  0.670695
162  -1.063  0.77097
163  -0.963025  0.784534
164  -1.26189  0.922286
165  -1.19066  0.784975
166  -1.02122  0.707775
167  -1.04008  0.817359
168  -0.871434  0.682562
169  -0.991641  0.805262
170  -1.01514  0.730909
171  -0.600745  0.735572
172  -0.324654  0.8307
173  -0.539711  0.771955
174  -0.34621  0.648738
175  -0.486164  0.594822
176  -0.117991  0.587435
177  -0.0196342  0.606362
178  0.163023  0.647726
179  0.254387  0.586681
180  0.294845  0.416699
181  0.433041  0.590613
182  0.59876  0.642075
183  0.652088  0.50344
184  0.636695  0.456851
185  0.467506  0.506866
186  0.552675  0.612501
187  0.697517  0.610072
188  0.705535  0.518607
189  0.629572  0.520626
190  0.468944  0.722688
191  0.311667  0.818529
192  0.250873  0.781536
193  0.0678737  0.735166
194  0.159427  0.839535
195  0.238702  0.945938
196  0.241884  0.912639
197  0.464399  0.863406
198  0.431585  0.837567
199  0.169026  0.714506
200  0.0297832  0.584342
201  0.138779  0.581474
202  -0.0322611  0.557282
203  -0.272527  0.477255
204  -0.356081  0.64609
205  -0.486802  0.63429
206  -0.604119  0.698744
207  -0.729288  0.570801
208  -0.964001  0.55489
209  -1.10383  0.67861
210  -1.0349  0.738367
211  -1.06202  0.721353
212  -0.829144  0.618605
213  -0.83252  0.664341
214  -0.727352  0.624787
215  -0.941397  0.660289
216  -1.02687  0.63872
217  -0.924526  0.482153
218  -0.998503  0.519529
219  -1.26021  0.469357
220  -1.21029  0.493923
221  -1.13384  0.436697
222  -0.961321  0.489758
223  -0.861954  0.461155
224  -0.644546  0.405866
225  -0.416244  0.381987
226  -0.41  0.36618
227  -0.566467  0.40515
228  -0.578754  0.451447
229  -0.72211  0.523614
230  -0.859161  0.615992
231  -0.916964  0.780144
232  -0.596856  0.975377
233  -0.676346  0.952067
234  -0.408489  0.875254
235  -0.405843  0.936689
236  -0.350977  1.01061
237  -0.236011  1.06479
238  -0.248036  1.09102
239  -0.299645  1.05608
240  -0.379901  0.985313
241  -0.263976  0.881328
242  -0.157126  0.913883
243  -0.197798  0.919484
244  -0.00074472  0.926449
245  -0.151663  0.94573
246  -0.346028  0.955343
247  -0.0942857  0.912013
248  -0.295855  0.996655
249  -0.203922  0.999111
250  -0.309974  1.0963
251  -0.405565  1.08702
252  -0.452116  1.17034
253  -0.339939  1.31392
254  -0.185052  1.29589
255  0.0240576  1.19091
256  -0.0473138  1.26131
257  0.110513  1.2223
258  0.186031  1.09915
259  0.0416234  1.07406
260  0.080557  0.96224
261  -0.266823  1.00994
262  -0.371535  0.917052
263  -0.23598  0.917004
264  -0.275001  0.880235
265  -0.570522  0.905598
266  -0.840573  0.875338
267  -0.784355  0.823172
268  -0.943656  0.779547
269  -0.687088  0.6585
270  -0.971013  0.730651
271  -0.91086  0.573577
272  -0.937512  0.542124
273  -0.915216  0.522351
274  -0.969724  0.583251
275  -1.03613  0.494356
276  -0.878583  0.602413
277  -0.607357  0.572668
278  -0.701311  0.677006
279  -0.716473  0.72489
280  -0.678134  0.654349
281  -0.599596  0.73053
282  -0.676094  0.608947
283  -0.750117  0.581823
284  -0.923615  0.67564
285  -0.654358  0.703717
286  -0.638289  0.723599
287  -0.688278  0.770924
288  -0.667589  0.735234
289  -0.748085  0.688782
290  -0.738222  0.707334
291  -0.793249  0.624246
292  -0.724197  0.572047
293  -0.803686  0.567943
294  -0.691659  0.590155
295  -0.927046  0.600407
296  -0.83846  0.576221
297  -0.780677  0.63887
298  -0.807175  0.606267
299  -0.807175  0.606267
300  -0.807175  0.606267
